3613433
287543
4489
15039439
236331
13262036
3634424
155117
43139543
7397019
72819
47702
255468
8526396
10693894
5710507
387814
18834674
1618662
18721790
19385671
16637675
89775
231705
344902
67193
3938382
16831059
8082932
218407
15179951
25211885
27988331
5374
2333250
35334391
1081926
1784650
20780702
97645
285245
2101268
7980471
18855505
411888
150389
2500
236648
19666880
19629283
8387128
173634
568911
2324040
374422
156115
21323216
146573
1371871
46963
2957039
20611030
2480306
18842168
49084
12137890
17322701
11415141
188018
2460
5575722
106457
292437
154823
211430
220255
2553981
1787105
10605960
3952114
19019270
20603860
21304415
6679136
49605932
158934